# [bin]: Signal[121-129]  Background[105-121]&[129-160]  s/sqrt(b)
# b = Background * interpolation_factor

pT_yy
[     0, 20000): 132113  7850.66  3614.07
[ 20000, 40000): 123782  6833.85  3629.35
[ 40000, 60000): 67833.8  4088.97  2571.24
[ 60000,100000): 63653.1  3133.97  2755.98
[100000,200000): 40404.4  1519.31  2512.51

yAbs_yy
[0,0.6): 184306  5533.93  6005.2
[0.6,1.2): 141113  8332.41  3747.02
[1.2,1.8): 85424.3  7499.53  2390.94
[1.8,2.4): 28409.5  2328.42  1427.04

N_j_30
[  0,  1): 214441  12431.9  4661.69
[  1,  2): 149027  7755.85  4101.62
[  2,999): 75784.9  3506.56  3102.03

N_j_50
[  0,  1): 314161  17962.8  5681.59
[  1,  2): 98385.7  4562.37  3530.54
[  2,999): 26706.5  1169.14  1893.16

cosTS_yy
[0,0.2): 129465  6008.75  4048.21
[0.2,0.4): 117618  6320.08  3586.04
[0.4,0.6): 104885  5946.31  3296.79
[0.6,0.8): 69969.5  4476  2534.94
[0.8,1): 17316.8  943.149  1366.73

pT_j1
[ 30000, 50000): 99720  5530.89  3250.04
[ 50000,100000): 83996.9  4204.82  3139.74
[100000,200000): 32883.4  1320.13  2193.67

Dphi_j_j
[0,1.0472): 19018.3  944.539  1499.91
[1.0472,2.0944): 19158.8  987.972  1477.41
[2.0944,2.61799): 9161.14  414.293  1090.94
[2.61799,3.14159): 9402.79  469.838  1051.45
